2 3
3 4.2
4 4.8
5 5.7
6 5.7
7 6.2
8 6.8
9 6.4
10 6.9
11 7
12 6.6
13 7
14 7.1
15 7.8
16 6.7
17 8
18 7.8
19 7.6
20 7.6
21 7.9
22 8.1
23 8.3
24 8.4
25 8.4
26 8
27 8.1
28 8.3
29 9
30 8.2
31 8.1
32 8.7
33 8.6
34 8.7
35 8.4
36 8.6
37 8.5
38 9
39 8.5
40 8.7
41 8.3
42 9.1
43 8.7
44 8.6
45 9.3
46 8.2
47 8.8
48 8.9
49 9.4
50 8.6
51 8.9
52 9.3
53 9.4
54 8.9
55 9
56 9.4
57 9.5
58 9.1
59 8.6
60 9.3
61 9.4
62 8.7
63 9.8
64 9.2
65 9.3
66 9.5
67 9.8
68 9.7
69 9.4
70 9.3
71 9.4
72 9.8
73 9.4
74 9.4
75 10.1
76 9.4
77 9.6
78 9.8
79 9.5
80 9.5
81 9.4
82 10
83 9.4
84 9.5
85 10.5
86 9.9
87 10
88 9.4
89 9.9
90 10.3
91 9.7
92 9.8
93 9.7
94 10.1
95 10.1
96 9.7
97 9.5
98 10.7
99 10.4
100 10
